[komputer.jpg]
moddate=72a7e8ecc0f0ce01
width=610
height=200
text=1;210;62;Perancangan Basis Data&#010;Sistem Informasi Koperasi Simpan Pinjam;Tw Cen MT Condensed Extra Bold;0.098419,0.218218,0.159810,0.000000;v1,4286364968,4278190080,128.000000,1.000000,0.500000,1.000000,400,258,49152;;
textactive=1
filters=crop64=1,105e0000f43fffff;
crop=rect64(105e0000f43fffff)
